m,s
0.0 2.0 281.7712167146657 162.68545994065283
2.703386495 2.0 281.7712167146657 162.68545994065283
2.703386495 2.0 313.25044521219996 180.86053412462908
8.58722769 2.0 313.25044521219996 180.86053412462908
8.58722769 2.0 407.6881315100291 235.38575667655786
16.85640991 2.0 407.6881315100291 235.38575667655786
16.85640991 2.0 489.5341256590516 282.6409495548961
29.57822871 2.0 489.5341256590516 282.6409495548961
29.57822871 2.0 565.0842729259435 326.26112759643917
31.804547 2.0 565.0842729259435 326.26112759643917
